   0.0000000e+00   7.3887476e+00
   1.0000000e-01   1.0983391e+01
   2.0000000e-01   1.5055703e+01
   3.0000000e-01   8.2346840e+00
   4.0000000e-01   8.2167552e+00
   5.0000000e-01   2.0529664e+01
   6.0000000e-01   1.5373333e+01
   7.0000000e-01   8.5650626e+00
   8.0000000e-01   1.4077574e+01
   9.0000000e-01   9.1413613e+00
   1.0000000e+00   1.4581134e+01
   1.1000000e+00   1.8242026e+01
   1.2000000e+00   3.2523902e+00
   1.3000000e+00   1.6532549e+01
   1.4000000e+00   1.8792577e+01
   1.5000000e+00   1.1855699e+01
   1.6000000e+00   2.0466392e+01
   1.7000000e+00   1.2629986e+01
   1.8000000e+00   5.7865752e+00
   1.9000000e+00   1.1250246e+00
   2.0000000e+00   1.0546992e+01
   2.1000000e+00   1.5904497e+01
   2.2000000e+00   1.4047806e+01
   2.3000000e+00   1.4654052e+01
   2.4000000e+00   9.8270636e+00
   2.5000000e+00   1.3560263e+01
   2.6000000e+00   4.7759722e+00
   2.7000000e+00   9.2991945e+00
   2.8000000e+00   9.1373326e+00
   2.9000000e+00   1.5962919e+01
   3.0000000e+00   1.3427788e+01
   3.1000000e+00   7.8566043e+00
   3.2000000e+00   1.3723653e+01
   3.3000000e+00   1.0460629e+01
   3.4000000e+00   1.0715980e+01
   3.5000000e+00   1.8511423e+01
   3.6000000e+00   1.4900391e+01
   3.7000000e+00   1.6469160e+01
   3.8000000e+00   1.9042695e+01
   3.9000000e+00   1.5671096e+01
   4.0000000e+00   1.7672520e+01
   4.1000000e+00   1.8482999e+01
   4.2000000e+00   2.1072659e+01
   4.3000000e+00   1.7751878e+01
   4.4000000e+00   2.2588236e+01
   4.5000000e+00   1.5796164e+01
   4.6000000e+00   1.5601393e+01
   4.7000000e+00   2.4506615e+01
   4.8000000e+00   1.3612185e+01
   4.9000000e+00   1.6308887e+01
   5.0000000e+00   2.1086548e+01
   5.1000000e+00   1.7401956e+01
   5.2000000e+00   2.3844944e+01
   5.3000000e+00   2.2159931e+01
   5.4000000e+00   1.8617920e+01
   5.5000000e+00   1.3444037e+01
   5.6000000e+00   2.0340205e+01
   5.7000000e+00   1.0769565e+01
   5.8000000e+00   1.9082758e+01
   5.9000000e+00   2.2082078e+01
   6.0000000e+00   1.9286396e+01
   6.1000000e+00   2.2802700e+01
   6.2000000e+00   2.8783662e+01
   6.3000000e+00   2.3395768e+01
   6.4000000e+00   2.0299396e+01
   6.5000000e+00   2.2363716e+01
   6.6000000e+00   2.1475350e+01
   6.7000000e+00   1.2968756e+01
   6.8000000e+00   1.7656721e+01
   6.9000000e+00   2.6060594e+01
   7.0000000e+00   1.9919606e+01
   7.1000000e+00   2.3252029e+01
   7.2000000e+00   1.5511832e+01
   7.3000000e+00   2.1073390e+01
   7.4000000e+00   2.3960815e+01
   7.5000000e+00   1.4362425e+01
   7.6000000e+00   2.3120725e+01
   7.7000000e+00   2.0688446e+01
   7.8000000e+00   1.7117049e+01
   7.9000000e+00   2.1846298e+01
   8.0000000e+00   1.2773887e+01
   8.1000000e+00   1.1839196e+01
   8.2000000e+00   1.6820382e+01
   8.3000000e+00   1.7980526e+01
   8.4000000e+00   1.7298508e+01
   8.5000000e+00   1.4769330e+01
   8.6000000e+00   2.5072747e+01
   8.7000000e+00   1.5898190e+01
   8.8000000e+00   2.4660091e+01
   8.9000000e+00   2.8286630e+01
   9.0000000e+00   2.4584897e+01
   9.1000000e+00   2.5308769e+01
   9.2000000e+00   2.3202119e+01
   9.3000000e+00   1.7931711e+01
   9.4000000e+00   2.5380721e+01
   9.5000000e+00   3.0661223e+01
   9.6000000e+00   3.4808189e+01
   9.7000000e+00   2.4228413e+01
   9.8000000e+00   1.8507949e+01
   9.9000000e+00   2.7744082e+01
   1.0000000e+01   2.9064148e+01
   1.0100000e+01   2.6321258e+01
   1.0200000e+01   2.1987386e+01
   1.0300000e+01   3.8132321e+01
   1.0400000e+01   1.6494553e+01
   1.0500000e+01   2.6026651e+01
   1.0600000e+01   2.2255582e+01
   1.0700000e+01   2.5973154e+01
   1.0800000e+01   3.1036053e+01
   1.0900000e+01   3.0432981e+01
   1.1000000e+01   2.6487985e+01
   1.1100000e+01   3.4228602e+01
   1.1200000e+01   3.3760512e+01
   1.1300000e+01   3.4193469e+01
   1.1400000e+01   2.9139525e+01
   1.1500000e+01   3.6824833e+01
   1.1600000e+01   3.5202868e+01
   1.1700000e+01   4.4763789e+01
   1.1800000e+01   3.7861040e+01
   1.1900000e+01   3.8655420e+01
   1.2000000e+01   3.3466063e+01
   1.2100000e+01   2.7092917e+01
   1.2200000e+01   3.2015771e+01
   1.2300000e+01   3.0423336e+01
   1.2400000e+01   3.1736290e+01
   1.2500000e+01   3.7679122e+01
   1.2600000e+01   3.2470325e+01
   1.2700000e+01   3.1132960e+01
   1.2800000e+01   3.3919759e+01
   1.2900000e+01   3.5523432e+01
   1.3000000e+01   3.8739639e+01
   1.3100000e+01   3.2298557e+01
   1.3200000e+01   3.9020801e+01
   1.3300000e+01   3.8200534e+01
   1.3400000e+01   4.4812362e+01
   1.3500000e+01   3.7508403e+01
   1.3600000e+01   3.8289540e+01
   1.3700000e+01   3.3496728e+01
   1.3800000e+01   3.2822703e+01
   1.3900000e+01   4.1701042e+01
   1.4000000e+01   3.9304554e+01
   1.4100000e+01   4.3478274e+01
   1.4200000e+01   3.6907897e+01
   1.4300000e+01   5.1329554e+01
   1.4400000e+01   4.2818112e+01
   1.4500000e+01   4.7866311e+01
   1.4600000e+01   4.1924994e+01
   1.4700000e+01   4.2679842e+01
   1.4800000e+01   4.7379716e+01
   1.4900000e+01   4.7149739e+01
   1.5000000e+01   3.9215616e+01
   1.5100000e+01   3.7603843e+01
   1.5200000e+01   4.0232913e+01
   1.5300000e+01   3.9102902e+01
   1.5400000e+01   4.6943756e+01
   1.5500000e+01   4.5058447e+01
   1.5600000e+01   4.5748159e+01
   1.5700000e+01   4.1261666e+01
   1.5800000e+01   5.2447395e+01
   1.5900000e+01   5.1234545e+01
   1.6000000e+01   4.9082212e+01
   1.6100000e+01   5.5134013e+01
   1.6200000e+01   4.6161006e+01
   1.6300000e+01   5.3112249e+01
   1.6400000e+01   5.3293901e+01
   1.6500000e+01   5.3816070e+01
   1.6600000e+01   4.8946872e+01
   1.6700000e+01   5.4755879e+01
   1.6800000e+01   5.1081152e+01
   1.6900000e+01   4.9712576e+01
   1.7000000e+01   4.8723133e+01
   1.7100000e+01   6.0478693e+01
   1.7200000e+01   5.1615564e+01
   1.7300000e+01   5.5541970e+01
   1.7400000e+01   5.0930174e+01
   1.7500000e+01   5.6060393e+01
   1.7600000e+01   4.1964185e+01
   1.7700000e+01   5.3273737e+01
   1.7800000e+01   5.2166383e+01
   1.7900000e+01   5.4822271e+01
   1.8000000e+01   5.9430139e+01
   1.8100000e+01   5.9477735e+01
   1.8200000e+01   7.1440573e+01
   1.8300000e+01   5.9480000e+01
   1.8400000e+01   6.1715221e+01
   1.8500000e+01   5.5751618e+01
   1.8600000e+01   6.1850454e+01
   1.8700000e+01   5.8193081e+01
   1.8800000e+01   6.5686544e+01
   1.8900000e+01   7.0459121e+01
   1.9000000e+01   6.8880212e+01
   1.9100000e+01   6.4027787e+01
   1.9200000e+01   6.0056870e+01
   1.9300000e+01   7.6195168e+01
   1.9400000e+01   7.9837723e+01
   1.9500000e+01   7.0889379e+01
   1.9600000e+01   6.6043763e+01
   1.9700000e+01   7.7695622e+01
   1.9800000e+01   6.9464149e+01
   1.9900000e+01   7.0806291e+01
   2.0000000e+01   7.8322448e+01
   2.0100000e+01   6.7707074e+01
   2.0200000e+01   6.5599480e+01
   2.0300000e+01   7.8244282e+01
   2.0400000e+01   7.8909782e+01
   2.0500000e+01   7.8154722e+01
   2.0600000e+01   8.0943120e+01
   2.0700000e+01   8.4659434e+01
   2.0800000e+01   8.4896928e+01
   2.0900000e+01   7.8006304e+01
   2.1000000e+01   8.5711559e+01
   2.1100000e+01   8.3348650e+01
   2.1200000e+01   8.0783662e+01
   2.1300000e+01   7.8182139e+01
   2.1400000e+01   8.8229231e+01
   2.1500000e+01   8.4080471e+01
   2.1600000e+01   8.6943549e+01
   2.1700000e+01   8.3618103e+01
   2.1800000e+01   8.0710490e+01
   2.1900000e+01   9.0210063e+01
   2.2000000e+01   8.9939439e+01
   2.2100000e+01   9.7152303e+01
   2.2200000e+01   9.6081829e+01
   2.2300000e+01   9.8265184e+01
   2.2400000e+01   9.0188929e+01
   2.2500000e+01   9.0195726e+01
   2.2600000e+01   8.9485458e+01
   2.2700000e+01   9.9283911e+01
   2.2800000e+01   1.1171221e+02
   2.2900000e+01   1.0238724e+02
   2.3000000e+01   9.5876504e+01
   2.3100000e+01   1.0492742e+02
   2.3200000e+01   9.6115092e+01
   2.3300000e+01   9.5657065e+01
   2.3400000e+01   1.0739958e+02
   2.3500000e+01   1.0096617e+02
   2.3600000e+01   1.0748944e+02
   2.3700000e+01   1.1400660e+02
   2.3800000e+01   1.1005465e+02
   2.3900000e+01   1.1378324e+02
   2.4000000e+01   1.0220275e+02
   2.4100000e+01   1.1464729e+02
   2.4200000e+01   1.2315110e+02
   2.4300000e+01   1.1629452e+02
   2.4400000e+01   1.0702602e+02
   2.4500000e+01   1.1486775e+02
   2.4600000e+01   1.1454829e+02
   2.4700000e+01   1.2013959e+02
   2.4800000e+01   1.2147282e+02
   2.4900000e+01   1.2264022e+02
   2.5000000e+01   1.2000604e+02